image: map1.pgm
resolution: 0.050000
origin: [-4.583716, -16.793457, 0.000000]
negate: 0
occupied_thresh: 0.65
free_thresh: 0.196

